effector_camera: 
  translation: 
    x: -0.0626008349093
    y: 0.00449593332665
    z: 0.05219099212
  rotation: 
    x: -0.715441304441
    y: -0.680798715211
    z: 0.108489341046
    w: 0.113520536228